step= 99

nparam= 6
        dense amplitude time= 0.0004589557647705078
        total non-zero amplitudes= 36
        nsamples per process= 36
self.n= 0.9999999999999991
all_f= [0.061797717  0.0000599952 0.0624478158 0.0618471082 0.0000826724
 0.0623561575 0.0000599952 0.0000000582 0.0000606263 0.0000600432
 0.0000000803 0.0000605374 0.0624478158 0.0000606263 0.0631047534
 0.0624977265 0.0000835421 0.0630121309 0.0618471082 0.0000600432
 0.0624977265 0.0618965389 0.0000827384 0.062405995  0.0000826724
 0.0000000803 0.0000835421 0.0000827384 0.0000001106 0.0000834194
 0.0623561575 0.0000605374 0.0630121309 0.062405995  0.0000834194
 0.0629196444]
        collect g,h time= 0.25243043899536133
E=-4.17392121522957,dE=-2.769037514394057e-05,std=0
L=-4.17392121522957,dL=-2.769037514394057e-05,std=0
        gnorm= 0.01604422957543385
        collect S matrix time= 1.9788742065429688e-05
[-0.            0.            1.6025218653  1.9579494688  1.9581430382
  1.9832468378]
        nonzero=4,wmax=1.9832468378447872,wmin=1.6025218653395317
        SR solver time= 0.00016808509826660156
        xnorm=1.1946746956746015,dnorm=0.0008193690420849573
[ 0.0861193078 -0.7764629109 -0.1515773788  0.1829094954 -0.7658780483
  0.4171504253]
[[ 0.705896017   0.0403534685 -0.6371077679 -0.3068812521]
 [-0.0173858155  0.7084845005  0.3267884272 -0.6252653596]
 [ 0.7070599311  0.0153926568  0.6274800324  0.3257270774]
 [-0.0384031317  0.7044035607 -0.3058951206  0.6393504503]]
[[ 0.705896017   0.0403534685 -0.6371077679 -0.3068812521]
 [-0.0173858155  0.7084845005  0.3267884272 -0.6252653596]
 [ 0.7070599311  0.0153926568  0.6274800324  0.3257270774]
 [-0.0384031317  0.7044035607 -0.3058951206  0.6393504503]]
